41730362415 
41730362331 
41730364281 
41630212303 

41730362397 
14529688675 
13790935565 
14529688666 
41730364284 


1064919703899 
14539840393 

41730362330 
41630212097 

14539840392 
1440331851732 
41730362328 
41730362323 
41730362326 
14539840390 

1440331851777 

14539840445 
14539840444 
41730362394 

41730362418 
1440331851778 
14539840421 
41730551327 
41630204776 
41730362333 
14539840430 
1440331850119 
41730362593 
41730362414 
41630212080 


41630212327 
1440331850122 
41630212330 
41630212321 
41630212326 
41630212315 
41630212320 
41630212331 


41630212101 

41630212096 
41630212308 
41630212227 
41630212150 
41630212104 

41630212215 
1064919530348 
41730362419 

41630212143 
41630212103 
41630212164 
41630212106 
41630212145 
1440331850001 
41630212146 
41630212100 
41630212234 
41730362617 

41630212240 



41630212248 
41730362613 
41630212152 
41630212251 
41630212249 
41630212239 
41630212257 
41630212263 


41630212162 

41630212274 
41630212279 
41630212289 
41630212281 
41630212283 
41730362324 
41630212288 
41630212366 
41630212265 
41630212278 

41630212367 
41630212371 
41630212387 

41630212385 
41630212381 
41630212379 
41630212375 
41630212374 
41630212190 

41630212192 
1064919729279 
41630212196 

41630212203 
41630212204 

41630212268 

41630212214 

41630212340 
41630212284 
41630212341 
41630212311 
41630212093 
41630212304 
641630212303 
41630212185 
41630212347 

41630212362 

41630212188 
41630212213 
41630212350 
1440331850120 
41630212357 
41630212134 

41630212356 
41630212349 
41630212282 
41630212171 
41630212173 
41630212180 
41630212181 
41630212179 

41730364320 
41730364355 

41730364354 
41730364356 
41730362616 
41630212187 
41730364335 

41730362318 
41730362313 
41730364334 
41730364328 
41730362221 
41730362243 
41730362229 

41730362242 
41730362227 
61730362240 
41730362226 
41730362400 
41730362235 
91730362244 
41730362319 


41730362231 
41730362296 
41730362299 
41730362295 

41730362612 

41730362301 
41730362230 

41730362372 
41730362304 
41730362289 

41730362306 
41730362290 
41730362293 
41730362291 
41730362294 
1064919728099 
41730362377 
41730362269 

41630204781 
41730364274 
91630204779 

41630204789 

41630204180 

41730362247 
41730362246 
41730362271 
41730362598 
41630204782 
41730364270 
41730362273 
41730364301 
41730362250 
41730362263 
41730364299 
41730364295 
41730364296 
41730364300 
41730364307 
41730364305 
41730362399 
41730364302 
41730364308 
41730364310 

41630204783 
41730364315 
41630211895 
41730364312 
41730364291 
41730362248 
41730362260 

41730362256 
41730362266 
41730362267 
41730364313 
41630204765 

1440331851730 

41630204772 
41630204771 
41730362392 
41630204770 
41630204769 
41730362340 


41730362339 
41730364286 
41730362325 
41730364288 
41730362376 

41730362795 
41730362797 


41730362412 
41730364339 
41630212182 

41730364349 

41730364332 
41730362371 
41730362381 
41730364361 
41730362389 
41730362388 
41730362386 
41730364340 

13580018995 
41730362384 
41730362373 
41730362383 
41730362253 
41730362240 
41730364336 
41730362264 
41730364271 
41730364303 
41730362321 
41730364279 
1440331854180 
1064919608106 
41730362359 


41730364499 

41730362361 
41730364510 

41730364511 
1064919729199 

41730551035 
1440331854938 
41730364539 
41730364534 
41730364520 
41730364541 
41730364508 

41730364544 


41730362817 
41730364526 
41630212107 
12345678912 
12345678911 

41730550657 

41730550667 
41730550664 
41630212121 
41730550720 
41730550721 
41730550728 
1064919532432 
1440331854954 
41630212296 

41630212199 
41730364317 
41730550731 
41730550678 

41730550691 
41730550681 
1064919609371 
1440331854020 
1064919649346 
41730550686 
1440331854023 

41730550702 

41730551246 

41730551239 
41730362667 

41730551264 
41730362621 
41730362626 
41730362635 
41730362637 


41730551259 
41730551257 
41730551034 


41730551248 
44200993916 
1064919715219 
41630212200 

1064919559037 
1064919586711 
1064919711419 
1064916206083 
41730362281 
1440331850003 

1064919606371 



41730550991 
4173055990 
41730551025 
41730551020 
41730551021 

41730365843 
41730362677 

41730365806 
41730550999 

41730551026 

41730551002 

41730362818 
41730365825 

41730362740 
41730551010 
41730551011 
41730551012 
41730362738 
41730365812 
41730365824 
41730551008 
41730551009 
41730365807 


41730362809 
41730362812 
41730362732 
41730362650 
1440331850011 
1440331850019 

41730366666 
1440331850114 


1440331850182 
1440331851232 


1440331851616 
1440331850179 


1440331850194 

1440331850147 
1440331850133 
1440331851710 
1440331851723 
1440331851719 
1440331850063 
1440331850135 
1440331850139 
1440331850052 
17875384610 






1440043056205 
1440331853380 
1440331853171 


1440331853375 

1440331853379 
1440331853405 

1440331853389 
1440331853391 
1440331853393 
1440331853394 
1440331853396 
1440331850171 
1440331850142 
1440331850140 
1440331850134 
1440331851674 

13500000010 

1440331853416 
1440331850162 
1440331851685 
1440331851695 
1440331851684 
1440331853418 
1440331853420 

1440331853423 
1440331853424 

1440331853425 
1440331853436 

1440331853437 
1440331853438 
1440331853439 
1440331853433 
1440331853440 

1440331853454 
1440331853446 
1440331853455 
1440331853456 
1440331853448 
1440331853458 
1440331853449 
1440331853459 

1440331853464 
1440331850060 
1440331850050 
1440331853461 

17875384606 

1440331853486 
1440331853489 

1440331853746 
1440331853747 

1440331851683 

1440331851688 

1440331850137 


1440331853671 
1440331853580 
1440331853689 




1440331853709 
1440331853778 
1440331853724 
1440331853722 
1440331853715 

1440331853717 
1440331853719 
1440331853721 
1440331853723 
1440331853725 


1440331851633 
1440331853738 
1440331853733 

1440331851630 
1440331851631 
1440331851762 
1440331851761 
1440331853554 
1440331851763 
1440331853590 
1440331853592 
1440331853596 
1440331853604 
1440331853606 
1440331853608 
1440331853609 
1440331853614 
1440331853594 
1440331853751 
1440331853615 
1440331853625 

1440331853629 
1440331851758 

1440331851739 
1440331851746 
1440331853640 
1440331853641 

1440331853635 
1440331853636 
1440331853507 
1440331853523 
1440331853555 

1440331853567 
1440331853569 
1440331853558 

1440331853570 
1440331853677 
1440331853678 
1440331851632 
1440331850157 
1440331850100 
13800138000 
13800138001 
13800138009 
13800138012 
13800138005 
13800138007 
13800138015 
13800138017 
13800138018 
13600000220 
13800138031 
13800138032 
13800138033 
1440331851751 
1440331853682 
13800138081 
13800138122 
13800138034 
13800138060 
13800138040 
13800138041 
13800138035 
13800138051 
13800138062 
13800138036 
13800138052 
13800138042 
13800138037 
13800138064 
13800138043 
13800138038 
13800138054 
13800138039 
13800138046 
13800138047 
13800138057 
13800138058 
13800138049 
13800138059 
13800138104 
13800138021 
13900138022 
13800138023 
13800138029 
13600000230 
13600000233 
13600000237 
13600000241 
13600000242 
13600000243 
13600000189 
13600000194 
13600000149 
13600000159 
13600000164 
13600000115 
13600000074 
13600000084 
13600000085 
13600000064 
13600000077 
13600000065 
13600000056 
13600000086 
13600000068 
13600000059 
13600000062 
13600011156 
1440331853520 

1440331851756 
13800138024 
13800138026 
1440331851750 
1440331851752 
1440331851749 
1440331851744 

13800138066 
13800138067 
13800138068 
13800138078 
13800138080 
13600000121 
13600000111 
13600000125 
13600000128 
13600000114 
13600000119 
13600000088 
13600000089 
13600000108 
13600000090 
13600000098 
13600000091 
13600000109 
13600000092 
13600000093 
13600000110 
13600000094 
13600000100 
13600000095 
13600000101 
13600000096 
13600000103 
13600000104 
13600000105 
13600000106 
13600000143 
13600000153 
13600000144 
13600000154 
13600000167 
13600000148 
13600000160 
13600000139 
13600000191 
13600000172 
13600000201 
13600000173 
13600000195 
13600000198 
13600000208 
13600000229 
13600000223 
13600000240 
13600000231 
22252226261 
13600000232 
13600000225 
13600000234 
13600000235 
13600000238 
13600000228 
13600017245 
13600017265 
13600017254 
13600017284 
13600017275 
13600017266 
13600017276 
13600017256 
13600017285 
13600017247 
13600017269 
13600017277 
13600017287 
13600017248 
13600017270 
13600017258 
13600017249 
13600017288 
13600017272 
13600017259 
13600017279 
13600017273 
13600017250 
13600017281 
13600017252 
13600017262 
13600017283 
13600017253 
13600017263 
1440331850098 
1440331853814 
1440331851680 
1440331853905 
1440331853906 
1440331853909 
1440331853910 
1440331853911 
1440331853918 

1440331853874 
1440331853927 


1440331853933 
1440331853935 
1440331853936 
1440331853937 
1440331853946 
1440331851767 

1440331853939 
13800138374 
13800138367 
13800138368 

1440331854251 

1440331853687 
1440331851647 

1440331851649 
1440331851645 
1440331851650 
1440331851651 
1064974981662 
22252226160 
1064974977485 
13600000542 
1440331851653 
1440331851654 
13610000130 
13610000134 
13610000122 
13610000143 
13610000144 
13610000113 
13610000145 
13610000137 
13610000115 
13610000138 
13610000105 
13610000106 
13610000126 
13610000147 
13610000139 
13610000118 
13610000109 
13610000129 
13610000149 
13610000150 
13610000152 
13610000153 
1440331851725 
1440331851726 

19907590014 
1440331851655 
1440331851668 
1440331851659 
1440331851662 
1440331853881 
1440331853884 
1440331853836 
1064974950973 


1064974978363 
1064974980183 
1440331850033 
19907590017 
1064974970731 
1064974974684 
1064974970211 

1440331853980 

1440331854216 
1064974971011 
1064974951013 
1440331854190 

1440331853965 
1440331854203 
1440331854202 
1440331853966 
1440331854199 
1440331854185 


1440331853970 


1440331851672 
1440331854305 
1440331854308 


1440331854381 
1440331851640 
1440331853844 

1440331854318 
1440331854322 
1440331854324 

1440331854328 
1440331854329 
1440331853807 
13600000899 
13600000621 
1440331854218 


1440331854498 
1064974982712 
1440331850032 
1064974978582 
1440331854555 
1440331854334 

1440331854459 
1440331854460 
1440331854461 
1440331854462 
1440331854561 
1440331854566 

1440331854051 
1440331854056 
1440331854050 
1440331854057 

1440331854571 
1440331854193 
1440331854195 
1440331854196 
1440331854204 
1440331854205 

1440331854454 
1440331854213 

1440331854451 
1440331854450 

1440331854209 
1440331854474 
1440331854476 
1440331854478 

1440331854210 




1440331854487 
1440331854488 


1440331854447 
1440331854449 
1440331854440 
1440331854463 
1440331854468 
1440331854437 
1440331854505 
1440331854504 
1440331854502 
1440331854503 
1440331854501 
1440331854500 
1440331851643 
1440331851721 
1440331851717 
1440331850136 
1440331854421 
1440331853993 
1440331854433 
1440331854432 
1440331854431 
1440331854038 

1440331854044 

1440331854032 
1440331854416 
1440353493874 
1440331854643 
1440331853994 
1440331854040 
1440331854207 

1440331850124 


1440331854653 
1440331854654 


1440331854408 
1440331854414 

1440331854028 
1440331854509 

1064918570962 
22252221252 
1064974975344 

1440331854519 
1440331854517 
1440331854518 

1440331854005 


18023076823 
1440331854401 




41630212306 

1440331854709 
1440789456130 
1440789456131 
1440331850131 



1440331854066 
1440331854041 
1440331854030 
1440331854084 
1440331854074 
1440331854708 

1440331854705 
1440331854704 
1440331854702 
1440331854701 
1440331854700 
1440331854691 
1440331854690 
1440331854693 
1440331854696 
1440331854695 
1440331854694 
1440331854689 
1440331854155 

1440331851795 

1440331854075 
1440331851792 


1440331854065 
1440331854083 

1440331851801 
1440331854082 
1440331854684 


1440331854427 
1440331854725 
1440331854721 
1440331854622 



1440331854116 
1440331854115 
1440331854071 
1440331854117 

1440353493227 
1440331854120 



1064974547946 
1440789456141 
1440331854159 
1440331850076 
1064919204140 
1064912560598 
1440331854111 
1440331854113 
1440331854033 
1440331854112 
1440331854141 
1440331854140 
1440331854139 
1440331854138 

1440331854142 
1440331854678 
1440331854677 
1440331854148 
1440331854149 
1440331854145 

1440331854108 


1440331854136 
1064974999378 

1064974983480 
1064974968149 
1064974981424 
1064974981782 
1064964331244 
22252221327 
1064964331264 
1064916885925 
1064974547926 
1064919543038 
1064916645045 
19907590053 
1064936610178 
1064936610184 
1064936610177 
1064936349289 
1064974999478 
1064964347019 

1440331854146 
1440353493625 
1064919544618 


1440331854799 
1440331854798 
1440331854797 
1440353493251 

1440331854807 
1440331854385 


1440331854780 


1064955152565 
1064955150278 
1440353493252 
1440331854800 
1440353493258 

1440331854443 

1440331854171 

1440331854176 

1440331854179 
1440331854173 
1440331854776 
1440331854181 
1440331854909 
1440331854910 


1064918553102 
13600000045 
1440331854154 
1440331854072 
1440331854169 
1440331854172 
1440331854362 
1440331854775 

1440331854851 
1440331854852 
1440331854853 
1440331854855 
1440331854986 
1440331854856 







1064916605005 
1064936610183 
1064974472041 
1440331854927 
1064974547906 
1064974472021 
19907590063 
1064974981404 
22252221010 
22252220626 
22252221572 

22252221129 
22252220618 
22252220830 
22252220872 
22252220616 
22252221144 
22252221362 
22252221132 
22252221317 
22252221190 
22252221112 
22252221570 
22252220664 
22252220735 
1440331854860 
22252221429 
22252221359 
22252221229 
22252220885 
22252221068 
22252221269 
22252221261 
22252221168 


1440331854862 


1440331854920 
1440331855069 
1440331855090 
1440789456148 


1440331854399 



1064974983662 
1440331855148 

1440331855159 

1440331855167 
1440331855168 

1440331854808 
1064974987252 
1440331850069 
1440331850068 
13902790010 
1440331855080 
1440331855082 
13902790011 
1440331854177 
1440331854805 
1440331854787 
1440331854788 
1440331854786 
1440331854811 
1440331854803 

1440331855116 
1440331855171 
1440331855172 
1440331855173 
1440331855174 
1440331855175 
1440331855176 
1440331855177 
1440331855178 
1440331855179 
1440331855180 
1440331855188 

13902790016 

1440331855220 
1440331855221 
17820285678 
1440331855085 
1440331854939 
1440789456152 
1440789456153 

1440331855230 
1440331855231 
1440331855203 
1440331855205 
1440331855207 
1440331855208 

1440331855217 
1440331855218 
1440331855268 

22252221266 

22252220306 

13902790020 

19907590012 

1440331855236 
1440331855278 
22252220537 
22252223690 
22252226276 
22252220807 
22252223698 
22252221016 
22252221094 
22252222515 
22252226293 
22252226895 
22252226911 
22252225502 
1440331855279 
13902790022 
13902790023 
13902790024 
1440331855289 
1440331855290 
1440331855291 
1440331855292 

1440331855194 
1440331855206 
1440331855302 
1440331855303 
1440331855304 
1440331855305 
1440331855306 
1440330000000 
1440331855307 
1440331855308 
1440331855309 
1440331855310 
1440331855311 
1440331855312 
1440331855313 
1440331855314 
1440331855315 
1440331855316 
1440331855317 
1440331855338 
1440331855350 
22252227258 
22252222738 
1440331855353 

22252225699 
22252226165 
22252229189 
22252222788 
1440331855355 
1440331856017 
1440789999004 
13902790026 
13902790027 
1440331855242 

1440331854899 
1440331854873 
1440331854874 
1440331854081 
13902790028 
1440331854907 
1440331854906 
1440331854905 
1440331854904 
1440331854903 
1440331854902 
19907590019 
13000000000000 


1440331854994 
13902790029 
13902790030 


1440331854893 
1440331855357 
1440331855245 
1440331855344 
1440331855348 
1440789999007 
1440331855006 
13902790033 
1440331855140 
1440331854789 
1440331854796 

1440331854794 
1440331854795 
13902790034 
13902790035 
1440331855270 

1440331854991 
1440331854993 




1440331855388 
13902790043 

13902790047 
13902790049 
13902790050 
1440331855390 
1440331855391 
1440331855392 
1440331855393 
1440331855394 
1440331855395 
41630212189 
1440331853170 
1440331853174 
1440331853383 
1440331853377 
1440331853385 
1440331853386 
1440331853395 
1440331853593 
1440331853600 
1440331853610 
1440331853612 
1440331853613 
1440331854465 
1440331854466 
14539840438 
41630212075 
41730362398 
13828668511 
13828668512 
13828668513 
1440331854016 
41630212368 
41630212377 
41630212373 
41730364348 
41730364331 

41730364363 
41730364324 
41730364329 
41730364325 
41730364366 
1064718083250 
1440331850045 
1440331853451 
1440331853920 
13800139012 
13800139018 
13800139011 
13800139019 
13800139020 
13610000110 
13610000101 
13610000131 
13610000141 
13610000132 
13610000133 

19907590038 
19907590043 
19907590024 



19907590079 
19907590078 
1440331855323 
